<?xml version="1.0"?>
<opencv_storage>
<ANN type_id="opencv-matrix">
  <rows>10</rows>
  <cols>10</cols>
  <dt>d</dt>
  <data>
    50. 0. 0. 0. 0. 0. 0. 0. 0. 0. 0. 23. 5. 2. 5. 6. 3. 6. 0. 0. 0. 3.
    39. 2. 1. 0. 0. 5. 0. 0. 0. 4. 0. 32. 0. 8. 2. 4. 0. 0. 0. 0. 0. 0.
    42. 0. 6. 2. 0. 0. 0. 6. 1. 0. 8. 28. 1. 6. 0. 0. 0. 0. 1. 0. 1. 0.
    48. 0. 0. 0. 0. 0. 0. 0. 0. 0. 0. 50. 0. 0. 7. 0. 0. 9. 0. 14. 0. 2.
    18. 0. 0. 2. 0. 0. 19. 0. 0. 17. 0. 12.</data></ANN>
</opencv_storage>
