<?xml version="1.0"?>
<opencv_storage>
<ANN type_id="opencv-matrix">
  <rows>10</rows>
  <cols>10</cols>
  <dt>d</dt>
  <data>
    66. 9. 0. 0. 7. 0. 0. 4. 3. 11. 0. 14. 1. 0. 9. 6. 0. 32. 9. 29. 0.
    2. 11. 0. 4. 10. 0. 46. 2. 25. 0. 0. 0. 29. 1. 13. 0. 18. 5. 34. 1.
    0. 0. 0. 69. 0. 3. 9. 3. 15. 0. 22. 1. 0. 7. 8. 6. 27. 12. 17. 2. 0.
    1. 0. 2. 2. 83. 0. 8. 2. 0. 0. 0. 0. 4. 0. 0. 67. 2. 27. 3. 1. 0. 2.
    0. 10. 0. 6. 56. 22. 0. 0. 0. 0. 6. 0. 0. 26. 0. 68.</data></ANN>
</opencv_storage>
