<?xml version="1.0"?>
<opencv_storage>
<ANNcv21 type_id="opencv-matrix">
  <rows>10</rows>
  <cols>10</cols>
  <dt>d</dt>
  <data>
    19. 0. 0. 7. 0. 1. 17. 2. 0. 4. 0. 0. 0. 0. 1. 0. 0. 33. 0. 16. 0.
    9. 0. 2. 3. 16. 0. 20. 0. 0. 0. 0. 0. 21. 0. 12. 0. 0. 0. 17. 0. 0.
    0. 0. 21. 9. 1. 19. 0. 0. 1. 3. 0. 2. 0. 23. 10. 4. 0. 7. 0. 0. 0.
    0. 0. 0. 49. 1. 0. 0. 0. 3. 0. 0. 0. 2. 0. 40. 0. 5. 0. 4. 0. 10. 0.
    15. 9. 1. 0. 11. 1. 0. 0. 0. 4. 0. 0. 12. 0. 33.</data></ANNcv21>
</opencv_storage>
