<?xml version="1.0"?>
<opencv_storage>
<ANNcv2 type_id="opencv-matrix">
  <rows>10</rows>
  <cols>10</cols>
  <dt>d</dt>
  <data>
    22. 0. 9. 0. 1. 1. 10. 6. 0. 1. 0. 43. 0. 0. 3. 0. 0. 2. 0. 2. 0. 0.
    17. 1. 1. 5. 1. 20. 4. 1. 0. 0. 0. 5. 0. 8. 0. 13. 19. 5. 0. 0. 0.
    0. 30. 0. 16. 1. 1. 2. 0. 0. 0. 0. 0. 32. 7. 7. 4. 0. 0. 0. 0. 0. 0.
    0. 49. 0. 1. 0. 0. 0. 0. 0. 0. 1. 0. 35. 0. 14. 1. 1. 9. 0. 2. 5. 4.
    13. 12. 3. 0. 0. 1. 1. 1. 2. 0. 4. 1. 40.</data></ANNcv2>
</opencv_storage>
