<?xml version="1.0"?>
<opencv_storage>
<BKScv2 type_id="opencv-matrix">
  <rows>10</rows>
  <cols>10</cols>
  <dt>d</dt>
  <data>
    6. 0. 0. 0. 0. 0. 1. 1. 0. 1. 0. 8. 0. 0. 0. 0. 0. 0. 0. 0. 0. 2. 1.
    0. 0. 0. 0. 5. 0. 0. 0. 1. 2. 2. 0. 1. 0. 0. 0. 2. 0. 0. 0. 0. 2. 1.
    0. 4. 0. 0. 0. 1. 0. 0. 0. 6. 1. 0. 0. 0. 0. 0. 0. 0. 0. 0. 8. 0. 0.
    0. 0. 0. 2. 0. 0. 0. 0. 4. 0. 2. 2. 0. 0. 0. 0. 3. 0. 0. 0. 3. 0. 0.
    0. 0. 0. 0. 0. 4. 1. 3.</data></BKScv2>
</opencv_storage>
