<?xml version="1.0"?>
<opencv_storage>
<CF type_id="opencv-matrix">
  <rows>10</rows>
  <cols>10</cols>
  <dt>d</dt>
  <data>
    11. 0. 0. 0. 0. 0. 11. 0. 85. 0. 11. 33. 0. 0. 11. 0. 10. 20. 0. 22.
    0. 32. 0. 0. 0. 0. 0. 53. 0. 22. 0. 33. 21. 42. 11. 0. 0. 0. 0. 0.
    0. 10. 10. 0. 0. 0. 55. 0. 32. 0. 0. 44. 11. 10. 11. 21. 10. 0. 0.
    0. 0. 96. 11. 0. 0. 0. 0. 0. 0. 0. 0. 0. 85. 0. 0. 0. 0. 10. 11. 0.
    41. 21. 0. 0. 11. 0. 11. 0. 22. 0. 32. 0. 0. 0. 0. 0. 63. 0. 11. 0.</data></CF>
</opencv_storage>
