<?xml version="1.0"?>
<opencv_storage>
<CFcv3 type_id="opencv-matrix">
  <rows>10</rows>
  <cols>10</cols>
  <dt>d</dt>
  <data>
    47. 0. 1. 1. 0. 0. 0. 0. 1. 0. 0. 39. 2. 0. 6. 2. 0. 0. 0. 1. 5. 1.
    39. 2. 0. 0. 0. 3. 0. 0. 0. 0. 12. 34. 0. 0. 0. 1. 1. 2. 6. 2. 1. 0.
    34. 2. 2. 2. 1. 0. 1. 0. 0. 1. 1. 42. 5. 0. 0. 0. 2. 1. 0. 0. 6. 6.
    33. 0. 0. 2. 0. 0. 5. 4. 1. 0. 0. 40. 0. 0. 13. 2. 2. 0. 0. 1. 0. 0.
    29. 3. 6. 1. 2. 1. 3. 0. 0. 0. 8. 29.</data></CFcv3>
</opencv_storage>
