<?xml version="1.0"?>
<opencv_storage>
<CFcv14 type_id="opencv-matrix">
  <rows>10</rows>
  <cols>10</cols>
  <dt>d</dt>
  <data>
    45. 0. 1. 0. 3. 0. 0. 0. 0. 1. 1. 45. 0. 0. 2. 0. 2. 0. 0. 0. 19.
    11. 19. 1. 0. 0. 0. 0. 0. 0. 3. 7. 31. 7. 0. 0. 0. 0. 1. 1. 9. 24.
    0. 0. 12. 0. 2. 0. 1. 2. 0. 19. 0. 0. 5. 11. 15. 0. 0. 0. 1. 0. 0.
    0. 10. 2. 33. 0. 0. 4. 2. 0. 21. 4. 3. 2. 2. 15. 1. 0. 35. 5. 5. 0.
    0. 1. 0. 0. 0. 4. 45. 2. 1. 1. 0. 0. 0. 0. 0. 1.</data></CFcv14>
</opencv_storage>
