<?xml version="1.0"?>
<opencv_storage>
<CFcv13 type_id="opencv-matrix">
  <rows>10</rows>
  <cols>10</cols>
  <dt>d</dt>
  <data>
    45. 0. 0. 0. 1. 0. 1. 0. 2. 1. 0. 48. 0. 0. 1. 0. 0. 0. 0. 1. 1. 4.
    7. 3. 0. 0. 0. 34. 1. 0. 1. 0. 15. 19. 0. 1. 0. 10. 4. 0. 23. 0. 2.
    2. 5. 8. 2. 4. 4. 0. 1. 0. 0. 1. 14. 23. 11. 0. 0. 0. 0. 9. 0. 0. 5.
    10. 26. 0. 0. 0. 0. 13. 0. 0. 0. 0. 0. 37. 0. 0. 35. 6. 0. 1. 1. 1.
    0. 0. 5. 1. 3. 2. 0. 2. 10. 9. 3. 2. 3. 16.</data></CFcv13>
</opencv_storage>
