<?xml version="1.0"?>
<opencv_storage>
<ESMBLdsc2 type_id="opencv-matrix">
  <rows>10</rows>
  <cols>10</cols>
  <dt>d</dt>
  <data>
    9. 0. 0. 5. 0. 4. 28. 4. 0. 0. 2. 1. 0. 0. 1. 23. 0. 23. 0. 0. 0. 0.
    32. 0. 1. 0. 0. 17. 0. 0. 1. 0. 14. 10. 0. 7. 0. 18. 0. 0. 0. 9. 2.
    0. 21. 0. 13. 5. 0. 0. 2. 0. 0. 0. 1. 43. 2. 2. 0. 0. 0. 0. 0. 0. 0.
    15. 35. 0. 0. 0. 1. 1. 16. 1. 0. 10. 0. 21. 0. 0. 18. 0. 3. 7. 0.
    14. 5. 3. 0. 0. 3. 0. 0. 25. 0. 20. 0. 2. 0. 0.</data></ESMBLdsc2>
</opencv_storage>
