<?xml version="1.0"?>
<opencv_storage>
<GlKNNcv1 type_id="opencv-matrix">
  <rows>10</rows>
  <cols>10</cols>
  <dt>d</dt>
  <data>
    100. 2. 3. 0. 0. 0. 0. 0. 0. 151. 100. 2. 3. 0. 0. 0. 0. 0. 0. 151.
    100. 2. 3. 0. 0. 0. 0. 0. 0. 151. 100. 2. 3. 0. 0. 0. 0. 0. 0. 151.
    100. 2. 3. 0. 0. 0. 0. 0. 0. 151. 100. 2. 3. 0. 0. 0. 0. 0. 0. 151.
    100. 2. 3. 0. 0. 0. 0. 0. 0. 151. 100. 2. 3. 0. 0. 0. 0. 0. 0. 151.
    78. 1. 3. 0. 0. 0. 0. 0. 0. 151. 50. 1. 3. 0. 0. 0. 0. 0. 0. 151.</data></GlKNNcv1>
</opencv_storage>
