<?xml version="1.0"?>
<opencv_storage>
<ANN type_id="opencv-matrix">
  <rows>10</rows>
  <cols>10</cols>
  <dt>d</dt>
  <data>
    37. 1. 0. 0. 2. 0. 0. 3. 1. 6. 0. 5. 1. 0. 3. 2. 0. 15. 8. 16. 0. 0.
    3. 3. 1. 4. 0. 28. 1. 10. 0. 1. 0. 10. 0. 10. 0. 7. 3. 19. 1. 1. 0.
    0. 33. 0. 3. 5. 1. 6. 0. 19. 0. 0. 0. 5. 1. 13. 7. 5. 0. 1. 0. 0. 2.
    0. 44. 0. 3. 0. 0. 0. 0. 0. 0. 0. 0. 35. 0. 15. 3. 0. 0. 0. 0. 3. 0.
    5. 27. 12. 0. 0. 0. 0. 3. 0. 0. 20. 0. 27.</data></ANN>
</opencv_storage>
