<?xml version="1.0"?>
<opencv_storage>
<ANNcv1 type_id="opencv-matrix">
  <rows>10</rows>
  <cols>10</cols>
  <dt>d</dt>
  <data>
    15. 0. 0. 5. 1. 3. 12. 1. 13. 0. 0. 35. 3. 2. 2. 0. 0. 0. 7. 1. 0.
    0. 9. 6. 4. 5. 3. 3. 20. 0. 0. 0. 0. 28. 1. 6. 1. 5. 9. 0. 0. 0. 0.
    0. 48. 0. 0. 0. 1. 1. 1. 0. 1. 2. 0. 32. 7. 1. 6. 0. 0. 0. 0. 0. 1.
    0. 48. 0. 1. 0. 0. 0. 7. 2. 1. 1. 0. 20. 16. 3. 0. 2. 0. 7. 2. 4. 2.
    0. 33. 0. 0. 0. 0. 5. 5. 7. 0. 1. 4. 28.</data></ANNcv1>
</opencv_storage>
