<?xml version="1.0"?>
<opencv_storage>
<ANNcv5 type_id="opencv-matrix">
  <rows>10</rows>
  <cols>10</cols>
  <dt>d</dt>
  <data>
    20. 0. 5. 0. 2. 0. 14. 8. 1. 0. 0. 35. 1. 0. 3. 0. 2. 1. 0. 8. 0. 0.
    16. 0. 3. 5. 1. 18. 6. 1. 0. 0. 1. 2. 0. 6. 0. 15. 22. 4. 0. 1. 0.
    0. 32. 0. 15. 2. 0. 0. 0. 2. 0. 0. 1. 30. 2. 9. 6. 0. 1. 0. 0. 0. 1.
    0. 48. 0. 0. 0. 0. 1. 0. 0. 3. 1. 0. 32. 2. 11. 0. 1. 7. 0. 1. 1. 4.
    19. 13. 4. 0. 0. 1. 0. 1. 2. 0. 5. 4. 37.</data></ANNcv5>
</opencv_storage>
