<?xml version="1.0"?>
<opencv_storage>
<ANNcv11 type_id="opencv-matrix">
  <rows>10</rows>
  <cols>10</cols>
  <dt>d</dt>
  <data>
    17. 0. 0. 14. 0. 0. 11. 2. 1. 5. 0. 47. 0. 0. 1. 0. 2. 0. 0. 0. 0.
    1. 0. 0. 1. 12. 0. 33. 2. 1. 0. 0. 0. 2. 0. 16. 0. 7. 1. 24. 1. 0.
    0. 0. 36. 0. 2. 11. 0. 0. 0. 0. 0. 6. 0. 23. 1. 3. 0. 17. 1. 0. 0.
    1. 1. 1. 42. 4. 0. 0. 0. 1. 0. 0. 0. 0. 0. 43. 0. 6. 0. 0. 0. 1. 1.
    16. 4. 24. 0. 4. 0. 0. 0. 0. 0. 0. 0. 22. 0. 28.</data></ANNcv11>
</opencv_storage>
