<?xml version="1.0"?>
<opencv_storage>
<ANNcv13 type_id="opencv-matrix">
  <rows>10</rows>
  <cols>10</cols>
  <dt>d</dt>
  <data>
    13. 0. 0. 0. 0. 1. 7. 8. 18. 3. 0. 34. 0. 0. 7. 1. 4. 3. 0. 1. 0. 0.
    0. 12. 0. 18. 1. 14. 0. 5. 0. 0. 0. 3. 0. 9. 0. 13. 1. 24. 0. 0. 0.
    0. 18. 1. 1. 29. 0. 1. 0. 0. 0. 0. 0. 26. 0. 23. 0. 1. 0. 0. 0. 0.
    1. 3. 45. 1. 0. 0. 0. 0. 0. 0. 0. 0. 0. 49. 0. 1. 0. 0. 0. 3. 1. 5.
    0. 33. 0. 8. 0. 0. 0. 0. 1. 1. 0. 36. 2. 10.</data></ANNcv13>
</opencv_storage>
