<?xml version="1.0"?>
<opencv_storage>
<CF type_id="opencv-matrix">
  <rows>10</rows>
  <cols>10</cols>
  <dt>d</dt>
  <data>
    0. 0. 0. 0. 0. 0. 0. 0. 0. 0. 5. 15. 0. 0. 5. 0. 5. 10. 0. 10. 0.
    15. 0. 0. 0. 0. 0. 25. 0. 10. 0. 15. 10. 20. 5. 0. 0. 0. 0. 0. 0. 5.
    5. 0. 0. 0. 25. 0. 15. 0. 0. 20. 5. 5. 5. 10. 5. 0. 0. 0. 0. 45. 5.
    0. 0. 0. 0. 0. 0. 0. 0. 0. 40. 0. 0. 0. 0. 5. 5. 0. 20. 10. 0. 0. 5.
    0. 5. 0. 10. 0. 15. 0. 0. 0. 0. 0. 30. 0. 5. 0.</data></CF>
</opencv_storage>
