<?xml version="1.0"?>
<opencv_storage>
<CF type_id="opencv-matrix">
  <rows>10</rows>
  <cols>10</cols>
  <dt>d</dt>
  <data>
    45. 0. 0. 0. 5. 0. 0. 0. 0. 0. 5. 40. 0. 0. 0. 0. 0. 0. 0. 5. 0. 25.
    25. 0. 0. 0. 0. 0. 0. 0. 0. 0. 30. 10. 5. 0. 0. 5. 0. 0. 10. 0. 0.
    0. 15. 0. 15. 0. 5. 5. 0. 0. 20. 0. 0. 5. 15. 5. 0. 5. 0. 0. 0. 0.
    0. 0. 50. 0. 0. 0. 0. 0. 5. 5. 0. 0. 0. 40. 0. 0. 20. 0. 0. 0. 0. 0.
    0. 0. 30. 0. 15. 0. 0. 0. 10. 0. 5. 0. 0. 20.</data></CF>
</opencv_storage>
