<?xml version="1.0"?>
<opencv_storage>
<CFcv21 type_id="opencv-matrix">
  <rows>10</rows>
  <cols>10</cols>
  <dt>d</dt>
  <data>
    7. 3. 1. 0. 2. 0. 0. 0. 36. 1. 0. 12. 20. 4. 0. 3. 0. 2. 1. 8. 2. 0.
    8. 30. 1. 0. 0. 5. 4. 0. 2. 0. 19. 23. 0. 1. 0. 3. 1. 1. 1. 4. 1. 0.
    17. 19. 1. 2. 1. 4. 2. 1. 5. 10. 1. 26. 0. 2. 3. 0. 0. 5. 0. 0. 15.
    1. 27. 0. 0. 2. 0. 0. 13. 6. 0. 2. 0. 14. 12. 3. 14. 1. 1. 0. 18. 4.
    5. 0. 7. 0. 0. 7. 2. 0. 0. 3. 0. 0. 4. 34.</data></CFcv21>
</opencv_storage>
