<?xml version="1.0"?>
<opencv_storage>
<CFcv12 type_id="opencv-matrix">
  <rows>10</rows>
  <cols>10</cols>
  <dt>d</dt>
  <data>
    34. 0. 15. 0. 0. 0. 0. 1. 0. 0. 2. 47. 0. 0. 1. 0. 0. 0. 0. 0. 0. 0.
    22. 28. 0. 0. 0. 0. 0. 0. 1. 2. 18. 21. 0. 4. 0. 0. 1. 3. 4. 4. 0.
    0. 18. 0. 23. 0. 0. 1. 1. 2. 0. 0. 0. 37. 3. 6. 1. 0. 5. 3. 0. 0. 1.
    15. 23. 0. 1. 2. 1. 4. 18. 15. 1. 6. 0. 4. 0. 1. 30. 0. 4. 2. 0. 0.
    0. 0. 7. 7. 12. 8. 1. 0. 0. 0. 0. 0. 4. 25.</data></CFcv12>
</opencv_storage>
