<?xml version="1.0"?>
<opencv_storage>
<ESMBLMaxSum2 type_id="opencv-matrix">
  <rows>10</rows>
  <cols>10</cols>
  <dt>d</dt>
  <data>
    13. 0. 0. 4. 0. 1. 25. 0. 2. 5. 0. 47. 0. 0. 1. 0. 0. 0. 0. 2. 0. 0.
    41. 0. 2. 0. 0. 7. 0. 0. 0. 2. 8. 31. 0. 4. 0. 0. 2. 3. 2. 2. 1. 0.
    43. 0. 0. 0. 1. 1. 1. 2. 0. 0. 1. 39. 5. 0. 2. 0. 0. 2. 0. 0. 1. 0.
    45. 0. 0. 2. 0. 4. 15. 6. 1. 8. 0. 14. 0. 2. 0. 0. 3. 2. 0. 0. 5. 0.
    25. 15. 6. 8. 0. 1. 0. 0. 0. 0. 2. 33.</data></ESMBLMaxSum2>
</opencv_storage>
