<?xml version="1.0"?>
<opencv_storage>
<GlSVMcv1 type_id="opencv-matrix">
  <rows>10</rows>
  <cols>10</cols>
  <dt>d</dt>
  <data>
    237. 4. 3. 0. 0. 0. 0. 0. 0. 12. 237. 4. 3. 0. 0. 0. 0. 0. 0. 12.
    237. 4. 3. 0. 0. 0. 0. 0. 0. 12. 237. 4. 3. 0. 0. 0. 0. 0. 0. 12.
    237. 4. 3. 0. 0. 0. 0. 0. 0. 12. 237. 4. 3. 0. 0. 0. 0. 0. 0. 12.
    237. 4. 3. 0. 0. 0. 0. 0. 0. 12. 237. 4. 3. 0. 0. 0. 0. 0. 0. 12.
    216. 2. 3. 0. 0. 0. 0. 0. 0. 12. 188. 2. 3. 0. 0. 0. 0. 0. 0. 12.</data></GlSVMcv1>
</opencv_storage>
