<?xml version="1.0"?>
<opencv_storage>
<KNN type_id="opencv-matrix">
  <rows>10</rows>
  <cols>10</cols>
  <dt>d</dt>
  <data>
    2. 1. 2. 0. 0. 0. 0. 0. 8. 0. 3. 1. 0. 1. 0. 0. 0. 0. 8. 0. 1. 0. 1.
    0. 1. 1. 1. 0. 6. 1. 0. 0. 2. 0. 0. 0. 0. 0. 10. 0. 0. 0. 2. 0. 0.
    0. 0. 0. 10. 0. 1. 0. 0. 0. 2. 0. 0. 0. 9. 0. 2. 0. 0. 0. 1. 0. 0.
    0. 8. 0. 0. 0. 1. 0. 0. 0. 2. 0. 8. 0. 1. 0. 1. 0. 1. 0. 0. 0. 8. 0.
    1. 1. 1. 0. 0. 0. 0. 0. 7. 0.</data></KNN>
</opencv_storage>
