<?xml version="1.0"?>
<opencv_storage>
<ANNcv14 type_id="opencv-matrix">
  <rows>10</rows>
  <cols>10</cols>
  <dt>d</dt>
  <data>
    32. 0. 0. 0. 7. 2. 1. 0. 7. 1. 0. 38. 0. 0. 1. 3. 1. 0. 4. 3. 16. 0.
    0. 0. 3. 3. 0. 1. 24. 3. 4. 0. 0. 8. 0. 7. 2. 1. 25. 3. 0. 2. 0. 0.
    32. 0. 0. 0. 11. 5. 2. 0. 0. 1. 0. 22. 5. 1. 18. 1. 12. 0. 0. 0. 1.
    3. 30. 0. 4. 0. 2. 0. 0. 0. 11. 0. 0. 0. 4. 33. 27. 2. 0. 0. 4. 5.
    2. 0. 6. 4. 12. 0. 0. 8. 8. 13. 0. 0. 0. 9.</data></ANNcv14>
</opencv_storage>
