<?xml version="1.0"?>
<opencv_storage>
<ANNcv12 type_id="opencv-matrix">
  <rows>10</rows>
  <cols>10</cols>
  <dt>d</dt>
  <data>
    12. 0. 0. 9. 0. 0. 20. 2. 1. 6. 0. 48. 0. 0. 0. 0. 2. 0. 0. 0. 0. 0.
    0. 2. 0. 12. 0. 34. 2. 0. 0. 1. 0. 10. 0. 7. 0. 9. 1. 22. 1. 0. 0.
    0. 16. 0. 9. 24. 0. 0. 0. 0. 0. 6. 0. 13. 4. 5. 0. 22. 0. 0. 0. 1.
    0. 0. 46. 3. 0. 0. 0. 0. 0. 0. 0. 2. 0. 47. 0. 1. 0. 0. 0. 2. 1. 10.
    4. 29. 0. 4. 0. 0. 0. 3. 0. 0. 0. 33. 0. 14.</data></ANNcv12>
</opencv_storage>
