<?xml version="1.0"?>
<opencv_storage>
<ANNcv4 type_id="opencv-matrix">
  <rows>10</rows>
  <cols>10</cols>
  <dt>d</dt>
  <data>
    20. 0. 6. 0. 0. 2. 12. 10. 0. 0. 0. 38. 0. 0. 1. 0. 2. 1. 0. 8. 0.
    0. 19. 1. 3. 4. 0. 20. 1. 2. 0. 0. 4. 6. 0. 10. 2. 7. 15. 6. 0. 0.
    0. 0. 36. 0. 12. 1. 0. 1. 0. 1. 2. 0. 0. 35. 1. 8. 3. 0. 0. 0. 0. 0.
    0. 0. 50. 0. 0. 0. 0. 0. 0. 0. 0. 0. 0. 31. 1. 18. 0. 1. 6. 0. 3. 4.
    1. 7. 21. 7. 0. 0. 0. 0. 1. 5. 0. 7. 1. 36.</data></ANNcv4>
</opencv_storage>
