<?xml version="1.0"?>
<opencv_storage>
<CFcv4 type_id="opencv-matrix">
  <rows>10</rows>
  <cols>10</cols>
  <dt>d</dt>
  <data>
    45. 0. 0. 0. 2. 0. 1. 0. 1. 1. 2. 41. 0. 0. 0. 0. 0. 1. 1. 5. 2. 3.
    37. 7. 0. 0. 0. 1. 0. 0. 2. 2. 8. 35. 0. 2. 0. 0. 1. 0. 2. 6. 0. 2.
    36. 0. 2. 0. 1. 1. 0. 4. 0. 1. 4. 39. 2. 0. 0. 0. 0. 5. 0. 0. 6. 7.
    32. 0. 0. 0. 0. 0. 5. 4. 0. 2. 0. 39. 0. 0. 8. 0. 3. 0. 1. 1. 1. 0.
    35. 1. 9. 7. 0. 0. 1. 1. 1. 0. 9. 22.</data></CFcv4>
</opencv_storage>
