<?xml version="1.0"?>
<opencv_storage>
<CFcv5 type_id="opencv-matrix">
  <rows>10</rows>
  <cols>10</cols>
  <dt>d</dt>
  <data>
    44. 0. 1. 1. 1. 0. 0. 1. 2. 0. 2. 39. 2. 0. 0. 1. 0. 0. 0. 6. 5. 0.
    38. 5. 0. 0. 0. 2. 0. 0. 1. 0. 20. 27. 0. 1. 0. 1. 0. 0. 0. 9. 0. 1.
    38. 1. 0. 1. 0. 0. 0. 6. 2. 3. 3. 35. 1. 0. 0. 0. 2. 5. 0. 0. 5. 7.
    29. 0. 1. 1. 0. 1. 6. 2. 0. 1. 1. 39. 0. 0. 12. 1. 0. 1. 1. 0. 1. 0.
    32. 2. 7. 5. 2. 1. 3. 1. 1. 1. 5. 24.</data></CFcv5>
</opencv_storage>
