<?xml version="1.0"?>
<opencv_storage>
<ESMBL type_id="opencv-matrix">
  <rows>10</rows>
  <cols>10</cols>
  <dt>d</dt>
  <data>
    50. 0. 0. 0. 0. 0. 0. 0. 0. 0. 0. 31. 14. 0. 0. 3. 2. 0. 0. 0. 0. 4.
    43. 2. 0. 0. 0. 1. 0. 0. 0. 2. 1. 36. 0. 5. 0. 6. 0. 0. 0. 0. 0. 0.
    35. 1. 3. 1. 5. 5. 0. 1. 4. 0. 4. 37. 1. 3. 0. 0. 0. 0. 0. 0. 0. 1.
    49. 0. 0. 0. 0. 0. 0. 0. 0. 0. 0. 50. 0. 0. 1. 0. 0. 3. 0. 8. 0. 0.
    38. 0. 0. 0. 0. 0. 18. 0. 0. 1. 0. 31.</data></ESMBL>
</opencv_storage>
