<?xml version="1.0"?>
<opencv_storage>
<ESMBLdsc type_id="opencv-matrix">
  <rows>10</rows>
  <cols>10</cols>
  <dt>d</dt>
  <data>
    47. 0. 0. 0. 0. 0. 3. 0. 0. 0. 0. 48. 0. 0. 0. 0. 0. 0. 0. 2. 4. 2.
    31. 12. 0. 0. 1. 0. 0. 0. 0. 0. 0. 49. 0. 0. 1. 0. 0. 0. 0. 4. 0. 0.
    46. 0. 0. 0. 0. 0. 1. 2. 0. 4. 0. 38. 5. 0. 0. 0. 0. 0. 0. 0. 3. 0.
    47. 0. 0. 0. 0. 0. 0. 2. 0. 0. 0. 43. 0. 5. 4. 0. 0. 0. 0. 0. 3. 1.
    41. 1. 5. 0. 0. 1. 2. 0. 0. 4. 3. 35.</data></ESMBLdsc>
</opencv_storage>
