<?xml version="1.0"?>
<opencv_storage>
<ANNcv3 type_id="opencv-matrix">
  <rows>10</rows>
  <cols>10</cols>
  <dt>d</dt>
  <data>
    24. 0. 5. 0. 4. 2. 8. 6. 1. 0. 0. 32. 1. 1. 3. 1. 5. 1. 1. 5. 0. 0.
    12. 0. 2. 10. 0. 22. 2. 2. 0. 0. 0. 4. 0. 9. 0. 11. 18. 8. 0. 2. 0.
    0. 38. 0. 8. 1. 0. 1. 0. 0. 0. 0. 0. 34. 2. 11. 3. 0. 0. 0. 1. 0. 0.
    1. 48. 0. 0. 0. 0. 2. 0. 0. 2. 0. 0. 28. 0. 18. 0. 1. 5. 0. 1. 2. 4.
    17. 15. 5. 0. 0. 0. 0. 1. 1. 0. 8. 2. 38.</data></ANNcv3>
</opencv_storage>
