<?xml version="1.0"?>
<opencv_storage>
<ANNcv11 type_id="opencv-matrix">
  <rows>10</rows>
  <cols>10</cols>
  <dt>d</dt>
  <data>
    17. 0. 0. 8. 0. 2. 17. 1. 0. 5. 0. 0. 0. 0. 1. 1. 0. 25. 0. 23. 0.
    12. 0. 2. 3. 8. 0. 25. 0. 0. 0. 0. 0. 30. 0. 6. 0. 0. 0. 14. 0. 1.
    0. 0. 15. 7. 0. 27. 0. 0. 0. 4. 0. 5. 2. 24. 7. 4. 0. 4. 0. 0. 0. 0.
    0. 0. 50. 0. 0. 0. 0. 4. 0. 2. 0. 4. 0. 35. 0. 5. 0. 3. 0. 12. 0.
    16. 5. 0. 0. 14. 0. 0. 0. 0. 4. 0. 0. 15. 0. 31.</data></ANNcv11>
</opencv_storage>
